





















======================================== with CAP ==================================
> ex9(10, 1000)
[1] "results: "
   Min. 1st Qu.  Median    Mean 3rd Qu.    Max. 
  1.000   3.000   5.000   8.277  10.000  89.000 
[1] "accuracy: "
   Min. 1st Qu.  Median    Mean 3rd Qu.    Max. 
 0.0020  0.0550  0.0980  0.1105  0.1520  0.4180 
[1] "total/failed/rate"
[1] 1.0e+03 5.5e+01 5.5e-02
$failed
[1] 55

$誰terations
   [1]  2  6  2 19 16  9 15 15  5 10  5  4  2  2  9 15  5  3  3 14  9  7 13  6
  [25]  3 11 13  5  8 11  2  5  7 24  5  3 19  7 10  1  3  1  5  2  7  5  2 44
  [49]  2  2  2  1 15  5  5  1  2  2  3 13  3  7 12  3 12 15  7  3  5  1  9 11
  [73]  1  9  4  9  5  9 20  3  2  4  2  9  5  3  1  7  6  7 45 13 15  2  4  3
  [97]  1 13  5 42 17  1  7  5  5  3 16  2  3  4  7  6  1  2  8  5 19  6  4  2
 [121]  1  1  4  7 12 19  4  6  6 23 16  2  9 14  5  3  5  6  2  7  3  5 13 11
 [145] 19 24 11  2  3  2  7 10  4 15  8 17 13  2 12  2  6  5  5  7  5  7  3  9
 [169]  4 17 18  5  6  9  9 10  1  6 15 20  6 13  7  3 13  7  4  7  1 15 22  7
 [193]  5  2  2  7  2  7  2  5  8 11  5  9  7  6 15  3  2 12 17  7  5 21  9  7
 [217]  2  2 13  4  5  9  7  2  3 26  5 13  6  7  7 13  5  7  3  4  9  1  3  4
 [241] 27  7 10  5  5  9 11  3  5  6 46  1  5  4  1  4 13  2  7  3  2  2  2  5
 [265]  5 13  5  7  4 43  2  7  5  9  7 13 44  6  3  2  1  5  1  7  2 14  3  7
 [289]  4  1  5  5 12  6 32  8  9  2  3  3  4  7  2  8  2  2 44 13  2  7  2 17
 [313]  4  2 13 15  1 20  7  8  3  9 13  5 12  4  6  7 12  5 11  6  8  2  7  4
 [337]  2 21 14 13  2  1  3  2 20  7  6 15  4  7 15  1  2  7  9  2  2  2  3 23
 [361]  3  2  1  9  1  9  6  6 20  2  2 20  1  2  5  6  2 23 74  2  6  3 38  9
 [385]  7  4  8 13 14  5  1  2 24 12  2  9 11  2  9  5  5  7  5 18  2  2  2 11
 [409]  3 15 13  3 17  7  1  2  6  5  2  8  2  4  5  4  2  1  2  1  4  9  4 13
 [433]  1  8  4  2  2  5 44  5 15  7  3  4  3  2  5  4  5  9 17  3 11  3  1  4
 [457]  2  6  4  1  2  2 29  3  5  3  6 18  4  6 24 16  7  7 15 19 10  9 19 13
 [481] 45  2 20  4  5  7  5  5  7  3  5 16 11  1  2  5  1  7  5 11 36  3  2  4
 [505]  5  2 12 22 11  7  5  1  5  4  7  5  4 19  7  5  9  3  3  7  7 10  1 13
 [529]  7 43  1  6 19 11 13 27  4  5 14  9  4 19  4  2  2  4  1  3  5  5  1 36
 [553]  7  2  4  5  9  5 11  1  1 25  6  3 17 23  4 12  3 13  9  2 11 19 17 24
 [577]  9  7 27  5 15  3  5  5  9 17  3  1  9  2 10  5  2  1  3  5  5 16 73  2
 [601]  7  5  9  7  7  7  7  7  8 65 19 37  3 17  1  9  3  2  5  5  7  2 11  6
 [625] 13 22  5  6 11  5 14  1  3  5  5 13  9  7  5  9  5  3  5  1  8  7 15  2
 [649]  9  7  5  3 10 11  2  2  4 33  3  3  3  4  7 48  6  5  7  9  3  7  7  7
 [673]  8  7 78  2  9  9 30  2 10 37  3 13 13  4 10  9  6 12  4  3 14  9  7 18
 [697]  8  7  9  5  5 11 35 13 21 11 18  3  9  3 47  1  4 11  5  3  7  5  3 26
 [721]  9  9  2  7  4  2  1  2  1 12  4 20  5  1 11  5  5  5  1  1  3  3  5 16
 [745]  4  6  1 16  2  3  1  2  9  1  5 11  3 17 14  6  2 16  3  2 10  5  5 22
 [769] 14  6  2  4  9  7 13 16 12 22  3  1  4 22  7  1  2  1 20  9 15  3  3  2
 [793]  4  6  2  9  2 18  7  6  2 22 25  4  3  2  5  4  3  5 11  2  6  5  5  1
 [817]  1  5  1 12  5  1  7  3 17  7  2 31  9  1  7  5  5  8  4  3  5  6  1  2
 [841]  2  2  2  6  5 15 12 21  4 13  8  4  1 33 24  2  1  2 15  2 12  4  2  9
 [865] 10 19  7  4  3  7  6  6  1 24  1 18  4  5 17  4 51  7  5  2  2  3  1  3
 [889]  5  8  4  5  2  4  9  5 12  2  5  4  6 13 10 11  3 30  1 23  2  5  4  5
 [913]  9  9  9  3  4  6  7  1  9  4 18  9  2  4 34  5  7  8  6  5  2 89 10  7
 [937]  2  7  9  2  7  1 15  4 31  6 25  7 35  3 11 11 14  3  4  4  1  4  3  1
 [961]  1 12  7  2  5  6 11  2 26  2 17  4  2  2  8  2  1  5  7 15  9 11 13  7
 [985]  5  9  2  5  5  2  3 14  6  3 13  1 17  1 26  3

$accuracy
   [1] 0.134 0.138 0.152 0.032 0.060 0.021 0.054 0.045 0.077 0.106 0.161 0.127
  [13] 0.182 0.166 0.034 0.046 0.055 0.163 0.159 0.117 0.163 0.134 0.053 0.180
  [25] 0.079 0.057 0.053 0.203 0.094 0.040 0.046 0.147 0.057 0.222 0.057 0.184
  [37] 0.146 0.182 0.061 0.152 0.181 0.128 0.185 0.018 0.023 0.058 0.100 0.058
  [49] 0.116 0.180 0.161 0.203 0.131 0.118 0.026 0.024 0.074 0.123 0.302 0.060
  [61] 0.042 0.065 0.117 0.122 0.095 0.094 0.133 0.184 0.173 0.110 0.117 0.147
  [73] 0.127 0.048 0.251 0.059 0.076 0.180 0.072 0.179 0.217 0.117 0.320 0.106
  [85] 0.043 0.080 0.088 0.070 0.071 0.141 0.085 0.056 0.067 0.122 0.122 0.127
  [97] 0.093 0.006 0.146 0.207 0.011 0.339 0.042 0.157 0.193 0.099 0.175 0.369
 [109] 0.261 0.071 0.160 0.110 0.240 0.016 0.101 0.066 0.016 0.061 0.296 0.012
 [121] 0.021 0.025 0.015 0.086 0.053 0.069 0.070 0.081 0.019 0.018 0.030 0.101
 [133] 0.084 0.088 0.082 0.119 0.081 0.068 0.028 0.216 0.062 0.172 0.168 0.102
 [145] 0.109 0.029 0.035 0.097 0.098 0.219 0.083 0.206 0.031 0.055 0.065 0.084
 [157] 0.046 0.145 0.013 0.059 0.043 0.010 0.041 0.046 0.123 0.058 0.149 0.069
 [169] 0.147 0.032 0.113 0.027 0.037 0.060 0.084 0.133 0.054 0.162 0.062 0.029
 [181] 0.095 0.098 0.037 0.113 0.115 0.022 0.128 0.131 0.044 0.061 0.078 0.213
 [193] 0.089 0.263 0.384 0.157 0.092 0.016 0.054 0.336 0.104 0.050 0.131 0.069
 [205] 0.045 0.098 0.115 0.203 0.134 0.091 0.139 0.065 0.043 0.054 0.070 0.075
 [217] 0.317 0.037 0.035 0.208 0.216 0.005 0.105 0.264 0.161 0.021 0.150 0.143
 [229] 0.138 0.091 0.038 0.093 0.057 0.126 0.073 0.017 0.159 0.090 0.117 0.208
 [241] 0.048 0.241 0.055 0.138 0.008 0.164 0.045 0.192 0.127 0.043 0.032 0.100
 [253] 0.028 0.068 0.231 0.177 0.070 0.109 0.027 0.096 0.188 0.311 0.221 0.090
 [265] 0.125 0.128 0.041 0.173 0.079 0.039 0.102 0.104 0.112 0.119 0.177 0.073
 [277] 0.026 0.208 0.091 0.148 0.089 0.086 0.244 0.055 0.107 0.106 0.118 0.016
 [289] 0.169 0.107 0.029 0.114 0.010 0.049 0.098 0.101 0.149 0.140 0.061 0.208
 [301] 0.044 0.126 0.089 0.121 0.076 0.058 0.026 0.047 0.161 0.098 0.193 0.275
 [313] 0.134 0.212 0.085 0.080 0.194 0.024 0.117 0.196 0.084 0.121 0.091 0.105
 [325] 0.125 0.054 0.040 0.150 0.104 0.100 0.002 0.165 0.116 0.106 0.112 0.100
 [337] 0.136 0.196 0.093 0.167 0.082 0.131 0.102 0.297 0.053 0.163 0.104 0.098
 [349] 0.219 0.216 0.123 0.047 0.184 0.166 0.094 0.174 0.133 0.114 0.018 0.034
 [361] 0.395 0.032 0.199 0.035 0.124 0.059 0.012 0.138 0.036 0.100 0.041 0.032
 [373] 0.094 0.118 0.164 0.185 0.156 0.034 0.004 0.080 0.021 0.052 0.052 0.103
 [385] 0.011 0.119 0.071 0.058 0.091 0.135 0.213 0.194 0.078 0.078 0.113 0.203
 [397] 0.017 0.144 0.015 0.085 0.189 0.099 0.055 0.068 0.139 0.085 0.192 0.102
 [409] 0.204 0.007 0.113 0.192 0.042 0.038 0.255 0.183 0.134 0.120 0.070 0.059
 [421] 0.095 0.170 0.114 0.294 0.225 0.130 0.116 0.092 0.321 0.062 0.154 0.034
 [433] 0.238 0.047 0.173 0.173 0.102 0.144 0.106 0.092 0.034 0.086 0.098 0.277
 [445] 0.186 0.114 0.124 0.086 0.121 0.102 0.143 0.079 0.067 0.258 0.169 0.180
 [457] 0.039 0.177 0.135 0.007 0.047 0.034 0.071 0.064 0.059 0.075 0.033 0.033
 [469] 0.070 0.093 0.036 0.067 0.009 0.185 0.011 0.025 0.016 0.185 0.084 0.028
 [481] 0.091 0.190 0.032 0.138 0.157 0.099 0.084 0.197 0.095 0.155 0.126 0.044
 [493] 0.050 0.045 0.284 0.124 0.081 0.151 0.134 0.055 0.004 0.341 0.132 0.100
 [505] 0.019 0.091 0.073 0.104 0.106 0.200 0.085 0.084 0.006 0.231 0.177 0.154
 [517] 0.223 0.063 0.062 0.148 0.083 0.161 0.202 0.093 0.062 0.065 0.205 0.133
 [529] 0.065 0.032 0.053 0.339 0.090 0.076 0.177 0.019 0.325 0.133 0.197 0.104
 [541] 0.034 0.081 0.051 0.133 0.013 0.034 0.334 0.133 0.152 0.093 0.109 0.012
 [553] 0.096 0.019 0.167 0.058 0.036 0.031 0.053 0.119 0.076 0.038 0.071 0.110
 [565] 0.197 0.097 0.166 0.043 0.159 0.049 0.145 0.127 0.063 0.126 0.095 0.027
 [577] 0.026 0.166 0.017 0.070 0.090 0.128 0.334 0.064 0.021 0.205 0.166 0.287
 [589] 0.020 0.131 0.021 0.140 0.065 0.025 0.054 0.087 0.042 0.014 0.055 0.071
 [601] 0.156 0.117 0.180 0.275 0.060 0.050 0.036 0.187 0.112 0.033 0.133 0.047
 [613] 0.047 0.038 0.079 0.033 0.033 0.039 0.059 0.187 0.122 0.059 0.014 0.188
 [625] 0.126 0.055 0.173 0.114 0.071 0.173 0.098 0.273 0.132 0.162 0.176 0.035
 [637] 0.041 0.049 0.102 0.074 0.121 0.224 0.080 0.237 0.022 0.134 0.044 0.230
 [649] 0.098 0.044 0.168 0.187 0.144 0.123 0.166 0.272 0.029 0.072 0.174 0.071
 [661] 0.078 0.058 0.060 0.114 0.260 0.091 0.020 0.063 0.056 0.111 0.190 0.013
 [673] 0.104 0.107 0.329 0.172 0.094 0.008 0.100 0.103 0.042 0.030 0.177 0.016
 [685] 0.009 0.316 0.135 0.044 0.077 0.065 0.293 0.161 0.246 0.072 0.051 0.036
 [697] 0.023 0.045 0.118 0.125 0.141 0.040 0.022 0.110 0.095 0.135 0.049 0.094
 [709] 0.103 0.039 0.062 0.063 0.238 0.224 0.152 0.185 0.075 0.018 0.008 0.138
 [721] 0.035 0.057 0.043 0.118 0.085 0.069 0.202 0.188 0.184 0.070 0.050 0.059
 [733] 0.159 0.208 0.117 0.025 0.098 0.258 0.214 0.121 0.040 0.118 0.052 0.115
 [745] 0.059 0.088 0.097 0.154 0.234 0.096 0.013 0.169 0.072 0.216 0.129 0.161
 [757] 0.049 0.016 0.016 0.199 0.049 0.114 0.042 0.047 0.075 0.266 0.118 0.047
 [769] 0.044 0.169 0.139 0.084 0.248 0.045 0.101 0.068 0.081 0.049 0.062 0.418
 [781] 0.066 0.082 0.059 0.161 0.145 0.082 0.026 0.061 0.018 0.185 0.033 0.391
 [793] 0.201 0.029 0.138 0.165 0.113 0.068 0.111 0.119 0.319 0.119 0.122 0.251
 [805] 0.069 0.136 0.238 0.087 0.061 0.022 0.043 0.175 0.139 0.171 0.099 0.387
 [817] 0.199 0.039 0.088 0.075 0.023 0.079 0.147 0.194 0.089 0.036 0.111 0.104
 [829] 0.103 0.078 0.125 0.090 0.241 0.022 0.094 0.127 0.167 0.153 0.148 0.182
 [841] 0.143 0.081 0.165 0.105 0.098 0.077 0.100 0.010 0.176 0.105 0.049 0.021
 [853] 0.191 0.052 0.062 0.092 0.132 0.225 0.040 0.020 0.042 0.137 0.084 0.045
 [865] 0.010 0.079 0.085 0.253 0.027 0.065 0.185 0.020 0.071 0.328 0.170 0.050
 [877] 0.133 0.167 0.046 0.070 0.067 0.225 0.021 0.170 0.141 0.134 0.037 0.360
 [889] 0.054 0.064 0.165 0.134 0.200 0.135 0.164 0.193 0.076 0.253 0.012 0.052
 [901] 0.029 0.144 0.077 0.110 0.024 0.041 0.059 0.064 0.076 0.144 0.133 0.066
 [913] 0.058 0.180 0.026 0.276 0.065 0.198 0.094 0.242 0.134 0.112 0.122 0.081
 [925] 0.183 0.165 0.045 0.045 0.293 0.027 0.136 0.072 0.202 0.021 0.065 0.009
 [937] 0.062 0.119 0.055 0.247 0.161 0.076 0.018 0.057 0.090 0.121 0.139 0.138
 [949] 0.003 0.110 0.017 0.129 0.037 0.225 0.322 0.072 0.080 0.091 0.212 0.092
 [961] 0.276 0.078 0.131 0.165 0.028 0.139 0.154 0.099 0.126 0.067 0.048 0.221
 [973] 0.295 0.286 0.112 0.205 0.153 0.057 0.140 0.064 0.015 0.027 0.109 0.035
 [985] 0.093 0.056 0.147 0.163 0.085 0.239 0.243 0.111 0.120 0.130 0.038 0.112
 [997] 0.162 0.167 0.051 0.122











> ex9(100, 1000)
[1] "results: "
   Min. 1st Qu.  Median    Mean 3rd Qu.    Max. 
   1.00   27.75   48.00   66.92   84.00  607.00 
[1] "accuracy: "
   Min. 1st Qu.  Median    Mean 3rd Qu.    Max. 
0.00000 0.00600 0.01200 0.01435 0.02000 0.06900 
[1] "total/failed/rate"
[1] 1000.000  229.000    0.229
$failed
[1] 229

$誰terations
   [1] 107  61  64  39  50  68  32  44  16  29  23  25  38  27  59 129  35  72
  [19]  26  20  41 164  22 372  91  20  14  63  47  20  65  86  29  42  58  49
  [37]  11 115  45   5  48  23   5  25  36  14  27  76  81  25  56  33  75  44
  [55]  28  14 103  72 118   6  47  16  46  32 160  15  77  24  96  59  39  45
  [73]  42  16  53   3  74 152   7  45  18  57  29  55  83  34 128  81  53  39
  [91]  93  13  51  86  95 118  60  15  72  24  57 103  16  74  12  66  55  41
 [109]  55  37  58  24   9  97  49  17  41 180  73 356  39 102  17  72 607  12
 [127]  23  10  82  26 121 100  59  55  22 165  26  22  27  34  45  39  29  38
 [145]  33  55 152 158  85  29 112   7  49  58  38 118  26  40  91  60 124 205
 [163] 255 222  58  22  73 127  57  28  23 255 164  12  71  79  55  51 200  56
 [181]  79 106  26  24 107 163  69  35  74 105  26 137  16  37  36   9  31  17
 [199]  72 111  31  79  13 104  37 283  73  82 417  33 106  31  71  30  56 103
 [217]  14  79  67  24  29  14  12   5 110  28  32  18  80 116  14  12 112  19
 [235]  40   6  44 111  49   2  19   2 176  22  60 310  16 163 108 359  35  83
 [253]  20  39  50  37  34  59 117 106  70  80 190  59  21  84  26  34 112  26
 [271]   8  33  41 184  73  51 111  91 140  33  37 154   6  39 102 138  16  43
 [289] 121  49  22   9  51  36  17  89  19  61  31  21  56  21  47 134  21  27
 [307]  18  59  65  69  97  24 116  21  43   9 386  43 331  37  94  77  13  79
 [325]   6  29 111  20  79 219  30  66 113 143  44  60  87 101  53  37  85  23
 [343]  30  26  97  18  27  46  59  75  14  38  17  14  98  66  33  30  96  63
 [361]  19  66  17  48  62  52  39  60 168  52 121  59  94  66   8 253  97  17
 [379]  20  40 167  35  38  16 131  84  44  79  65  44  38  52  52 155  15 215
 [397]  38  29 229  33 171 339  43  45  81 201  43  59  53  22  71  23  70  27
 [415]  46  50  43  83 133  14 173   7  31   2  16  20  38  42  38  13  20 180
 [433] 153  67  57  36 119  45  62  73 132 110  60  31 182  77  47 132  54  40
 [451]  47   4  96  29  27  34  34  43  43  51  37  93  97 215  49  13  74 111
 [469] 111  45  44 288  40 168 118 104  39 181  21 277  31  41  30 149  57  19
 [487]  27 170  48 121  73 103  29 108  84  29 275  74  18 261  68  85  10  14
 [505]  80  44  27  75  16 109  71  25  38  67  47  32 105  46  28  61  89  12
 [523] 103  43  26  88  68 158  71 130  59  16  27  15  26  60  37 105  17  56
 [541]  41  27   3  99 100   8  25  31  43  11   9  43   7  67  79   1  53  45
 [559]  52  14 323  36  68  18  64  28  32  27 209  63  24  52  19  44  13  21
 [577]  80  89  25 149  41  51 101  63  31  52  39  87  17 222  19  43 213  32
 [595] 213  77  84  65  13 237 237  32  51  36  65  76  73  39  35 112  71  43
 [613]  18 316  18  40  55  92  43  41  32  24  98 103  37  41  64  69  71 316
 [631]  30  13 110  11  17  66  61 105  82  37 109  40 174  80  12  25 133 118
 [649]   7  20  12  45  20  89  88  42  65  17  17  51  65  32  41  62  23  48
 [667]  26  33  18  75  12  21  31  35 214   1 107  54  76  38  88  47   9  17
 [685]  37  65  74  39  22  21  29  75  95 101  15  17 188  40  28  27 153  63
 [703]  34 119  73  58  27  49   8  13 165  88 229  58 102  36 102  28 102 155
 [721]  60  51  22  46  26   5  33  77  13  66  59  77  97  45  35  20  45 115
 [739]  48  19  33 175  56  25  21 190 114   7  62  27  84  45  89  80 101  55
 [757]   4  47  31  78 191 200 416  76  50  35  42  40  61  60  49 159  40  63
 [775]  15  37  29 101  36   8  59  31  63  43  85  26 101  75  35  51  37  93
 [793]  26   2  95  31  98 168  54  19  87  93  14   9  73  15 555 105 227  95
 [811]  33  53  45   7 294  63  35  11  19  18   7  73  50  14  35  43  43  18
 [829]  87  23  97  18  11 123  91  17 101  40  58  83  76  61  45  26   1 347
 [847]  42  36 195  84 108  42  13   7 116  95  87  31  79  96  44 157  23  82
 [865]   7  13  14  16 104  37 194  30  35  41  42  65   9  33  11  60  37  45
 [883] 104  29 183  36  50  78  35  58  99  10  14  32  74  18  30  80  54 123
 [901] 171 111  15  36  66  38  85  10  85  69  14  61  37  12   6  39  30  33
 [919]  83  28 122  66  57 235  17 164 120  18  34  12 122   8  39  44  69  29
 [937] 141  96  45  53  40 104  43  62  39  52  67  51  24  29  70  99  36  44
 [955]  45  55  38  79  74  26  49  78  42  85 105 248  49  30  52  77 263  68
 [973]  57   7  52  95  49  48  16  58  31  32 204  41  16  27  20  25  46  12
 [991]  22  18  99  58 103  36  69  38  74  71

$accuracy
   [1] 0.008 0.013 0.016 0.006 0.020 0.012 0.011 0.009 0.007 0.010 0.011 0.023
  [13] 0.004 0.034 0.024 0.007 0.026 0.009 0.004 0.005 0.003 0.000 0.008 0.003
  [25] 0.006 0.003 0.011 0.015 0.002 0.043 0.012 0.014 0.002 0.026 0.008 0.001
  [37] 0.029 0.009 0.006 0.033 0.008 0.014 0.021 0.015 0.011 0.062 0.026 0.009
  [49] 0.009 0.010 0.014 0.048 0.020 0.008 0.011 0.028 0.024 0.004 0.014 0.023
  [61] 0.014 0.006 0.009 0.006 0.000 0.034 0.007 0.021 0.005 0.005 0.007 0.015
  [73] 0.048 0.020 0.006 0.030 0.015 0.009 0.025 0.010 0.012 0.001 0.038 0.048
  [85] 0.017 0.005 0.013 0.004 0.013 0.008 0.018 0.011 0.013 0.002 0.026 0.017
  [97] 0.006 0.026 0.018 0.007 0.006 0.031 0.013 0.016 0.011 0.027 0.007 0.021
 [109] 0.024 0.013 0.022 0.012 0.020 0.012 0.025 0.021 0.016 0.006 0.022 0.004
 [121] 0.021 0.023 0.026 0.010 0.015 0.008 0.006 0.047 0.013 0.009 0.015 0.013
 [133] 0.007 0.014 0.005 0.000 0.017 0.011 0.006 0.006 0.018 0.006 0.006 0.013
 [145] 0.020 0.003 0.027 0.002 0.007 0.015 0.017 0.006 0.001 0.019 0.008 0.004
 [157] 0.014 0.012 0.009 0.013 0.012 0.037 0.003 0.006 0.005 0.003 0.008 0.020
 [169] 0.035 0.004 0.048 0.002 0.010 0.014 0.019 0.024 0.028 0.021 0.014 0.004
 [181] 0.002 0.021 0.012 0.019 0.007 0.008 0.001 0.016 0.011 0.003 0.006 0.009
 [193] 0.006 0.000 0.020 0.007 0.030 0.004 0.003 0.013 0.001 0.020 0.010 0.005
 [205] 0.041 0.011 0.039 0.010 0.002 0.008 0.000 0.006 0.022 0.016 0.013 0.004
 [217] 0.028 0.028 0.011 0.020 0.010 0.040 0.018 0.004 0.001 0.008 0.028 0.011
 [229] 0.007 0.000 0.023 0.017 0.002 0.023 0.035 0.012 0.020 0.015 0.032 0.033
 [241] 0.021 0.008 0.005 0.017 0.005 0.008 0.010 0.025 0.015 0.027 0.011 0.009
 [253] 0.041 0.019 0.003 0.015 0.011 0.032 0.008 0.007 0.003 0.006 0.011 0.003
 [265] 0.031 0.008 0.005 0.032 0.015 0.004 0.042 0.016 0.010 0.005 0.002 0.012
 [277] 0.013 0.015 0.007 0.011 0.018 0.000 0.029 0.008 0.006 0.008 0.001 0.035
 [289] 0.023 0.026 0.023 0.021 0.022 0.009 0.022 0.006 0.019 0.004 0.005 0.031
 [301] 0.011 0.005 0.016 0.007 0.007 0.022 0.015 0.002 0.004 0.009 0.022 0.004
 [313] 0.010 0.021 0.031 0.006 0.006 0.016 0.004 0.011 0.020 0.009 0.014 0.004
 [325] 0.030 0.029 0.015 0.021 0.023 0.002 0.046 0.011 0.009 0.012 0.031 0.010
 [337] 0.011 0.032 0.012 0.002 0.021 0.007 0.009 0.010 0.004 0.005 0.007 0.007
 [349] 0.001 0.015 0.036 0.025 0.015 0.011 0.005 0.014 0.006 0.021 0.012 0.004
 [361] 0.018 0.015 0.024 0.021 0.009 0.022 0.017 0.004 0.007 0.000 0.011 0.012
 [373] 0.029 0.005 0.012 0.002 0.013 0.001 0.037 0.004 0.016 0.007 0.018 0.017
 [385] 0.002 0.011 0.014 0.006 0.018 0.018 0.037 0.013 0.029 0.026 0.000 0.007
 [397] 0.010 0.019 0.029 0.023 0.008 0.002 0.010 0.007 0.008 0.000 0.018 0.004
 [409] 0.004 0.014 0.020 0.012 0.001 0.019 0.009 0.018 0.011 0.017 0.018 0.028
 [421] 0.011 0.035 0.018 0.018 0.019 0.015 0.003 0.016 0.015 0.010 0.015 0.013
 [433] 0.004 0.011 0.011 0.010 0.006 0.008 0.014 0.004 0.015 0.014 0.002 0.002
 [445] 0.003 0.003 0.013 0.006 0.002 0.008 0.001 0.026 0.020 0.011 0.022 0.025
 [457] 0.010 0.010 0.015 0.007 0.007 0.005 0.007 0.010 0.014 0.019 0.019 0.032
 [469] 0.004 0.012 0.023 0.001 0.027 0.004 0.004 0.012 0.015 0.017 0.004 0.008
 [481] 0.006 0.021 0.003 0.002 0.012 0.058 0.012 0.002 0.007 0.001 0.041 0.018
 [493] 0.003 0.009 0.008 0.010 0.031 0.011 0.008 0.006 0.011 0.007 0.035 0.012
 [505] 0.015 0.020 0.006 0.013 0.015 0.001 0.013 0.004 0.010 0.012 0.038 0.022
 [517] 0.000 0.008 0.017 0.053 0.010 0.009 0.020 0.023 0.009 0.004 0.005 0.005
 [529] 0.002 0.007 0.004 0.026 0.062 0.018 0.013 0.010 0.008 0.006 0.025 0.034
 [541] 0.018 0.019 0.035 0.035 0.001 0.024 0.029 0.026 0.014 0.018 0.017 0.011
 [553] 0.006 0.023 0.005 0.012 0.027 0.019 0.008 0.008 0.000 0.007 0.014 0.017
 [565] 0.004 0.044 0.015 0.029 0.005 0.021 0.013 0.016 0.014 0.029 0.009 0.013
 [577] 0.013 0.011 0.006 0.011 0.019 0.022 0.014 0.016 0.014 0.021 0.011 0.021
 [589] 0.009 0.006 0.069 0.005 0.003 0.002 0.014 0.040 0.008 0.031 0.018 0.004
 [601] 0.010 0.008 0.000 0.037 0.011 0.005 0.016 0.009 0.011 0.001 0.020 0.017
 [613] 0.020 0.008 0.007 0.002 0.037 0.019 0.017 0.002 0.008 0.052 0.010 0.005
 [625] 0.015 0.015 0.013 0.018 0.000 0.008 0.011 0.011 0.009 0.001 0.006 0.004
 [637] 0.002 0.024 0.006 0.016 0.001 0.024 0.004 0.018 0.019 0.023 0.001 0.006
 [649] 0.022 0.017 0.017 0.026 0.044 0.011 0.036 0.001 0.014 0.014 0.039 0.029
 [661] 0.018 0.008 0.012 0.031 0.034 0.021 0.015 0.012 0.006 0.026 0.018 0.007
 [673] 0.019 0.010 0.013 0.025 0.022 0.014 0.015 0.040 0.006 0.008 0.019 0.031
 [685] 0.026 0.014 0.003 0.027 0.050 0.032 0.008 0.020 0.025 0.006 0.007 0.012
 [697] 0.006 0.015 0.015 0.022 0.010 0.011 0.023 0.028 0.005 0.029 0.056 0.010
 [709] 0.017 0.014 0.001 0.019 0.017 0.015 0.002 0.008 0.014 0.019 0.028 0.007
 [721] 0.000 0.002 0.037 0.015 0.003 0.069 0.031 0.013 0.009 0.009 0.017 0.012
 [733] 0.003 0.009 0.018 0.012 0.016 0.023 0.029 0.016 0.001 0.003 0.014 0.011
 [745] 0.021 0.007 0.005 0.000 0.018 0.039 0.017 0.025 0.007 0.014 0.001 0.011
 [757] 0.018 0.025 0.016 0.006 0.007 0.017 0.006 0.001 0.017 0.011 0.015 0.014
 [769] 0.013 0.004 0.000 0.001 0.015 0.015 0.010 0.009 0.049 0.024 0.021 0.003
 [781] 0.006 0.026 0.003 0.025 0.023 0.035 0.009 0.022 0.004 0.011 0.001 0.007
 [793] 0.016 0.023 0.001 0.026 0.004 0.002 0.018 0.020 0.021 0.026 0.011 0.011
 [805] 0.007 0.007 0.012 0.005 0.002 0.015 0.018 0.004 0.005 0.007 0.000 0.018
 [817] 0.051 0.005 0.015 0.018 0.051 0.001 0.012 0.006 0.025 0.020 0.015 0.011
 [829] 0.028 0.034 0.001 0.012 0.014 0.015 0.004 0.013 0.002 0.005 0.013 0.013
 [841] 0.002 0.015 0.005 0.018 0.002 0.005 0.023 0.035 0.003 0.005 0.006 0.032
 [853] 0.007 0.039 0.013 0.014 0.005 0.006 0.003 0.007 0.011 0.006 0.028 0.007
 [865] 0.025 0.001 0.005 0.000 0.004 0.007 0.005 0.015 0.022 0.008 0.008 0.021
 [877] 0.030 0.029 0.005 0.002 0.009 0.016 0.007 0.045 0.007 0.004 0.022 0.009
 [889] 0.014 0.000 0.005 0.043 0.019 0.003 0.010 0.008 0.034 0.008 0.035 0.003
 [901] 0.012 0.037 0.034 0.022 0.006 0.008 0.007 0.013 0.023 0.009 0.005 0.012
 [913] 0.011 0.049 0.004 0.065 0.016 0.027 0.009 0.009 0.002 0.011 0.015 0.018
 [925] 0.013 0.020 0.003 0.042 0.021 0.023 0.004 0.001 0.020 0.024 0.001 0.016
 [937] 0.022 0.017 0.018 0.017 0.010 0.010 0.005 0.020 0.020 0.010 0.018 0.029
 [949] 0.003 0.010 0.017 0.018 0.008 0.011 0.006 0.022 0.011 0.005 0.005 0.023
 [961] 0.001 0.020 0.013 0.012 0.007 0.006 0.008 0.011 0.011 0.009 0.007 0.004
 [973] 0.013 0.001 0.003 0.009 0.005 0.016 0.004 0.038 0.019 0.004 0.006 0.017
 [985] 0.022 0.004 0.046 0.001 0.008 0.005 0.019 0.052 0.035 0.010 0.003 0.024
 [997] 0.006 0.011 0.011 0.014

> 












RESULTS FOR THE LINEAR VERSION OF THE PERCEPTOR W/O UPDATING W0 !!!!
====================================================================


> ex9(10, 1000)
[1] "results: "
   Min. 1st Qu.  Median    Mean 3rd Qu.    Max. 
   0.00    2.00    4.00   93.32   13.00 7830.00 
[1] "accuracy: "
   Min. 1st Qu.  Median    Mean 3rd Qu.    Max. 
 0.0020  0.0600  0.1100  0.1305  0.1732  0.5260 
[1] "total/failed/rate"
[1] 1000.00  420.00    0.42
$failed
[1] 420

$誰terations
   [1]   17    8   42    0    1   19    3    2    4   35    7    0    2    3
  [15]   10    2    4    5   21    1 1197    0    2    3    7 2590  241    1
  [29] 1637    2    1    2   37    1   15   16   43    1    0   35  777 4972
  [43]    1    1   29    3    4   17    2   74    8   11    2    8    1    1
  [57]   12    1    0    0    3   24    1    6   11    1    0   26    2    9
  [71]    1    1    2    2    5    0    5    6   15   26    6    1    9    0
  [85]    0  353    1    5   28    2   32    1    5    1    2    1    8    9
  [99]   15    1   15    4   13    4    0 1253    4  871    2   48    1    2
 [113]    0    8    4    6 7390   32    4    2    3    1   96    7 1191    3
 [127]    3    0 2070    7   14  420    3    2   75    0    9    1    0    4
 [141]    4    1    3    3    6    6   10    6   57 4071  376   11    4   16
 [155]    1    2   18    3    3    5    0    4    3    1  120   10   19    1
 [169]  168    1    3    4    2    1  142   13   96    3    2   39    2   11
 [183]   26    1    2    6    1   33    6    0   30  670   22    1    5   22
 [197]    1   12    1    5    1   14   39    1   41    3    1    1    2    2
 [211]    4    1    1    3    4  169    1   13   19    8    4    7   21    9
 [225]   69    1    0    8    1    2  300    4    1    3    1   14    1    1
 [239]    3    7    3    3    0    6    1    2    3    2    0   10  107    0
 [253]    6    7    4    1    1    2    1    1   16   18   10   14    0    3
 [267]    1    3    2    5    6    5   45    6    3    1    3 1310    0    3
 [281]    3    5    1    0    5    3    1   11    1    5    3   15    2   13
 [295]    2    0   31   13    8    2    1   17    2    3    2    0    6    2
 [309]   42    3    6    0   17    2    4    0    2    4   11   12   25   28
 [323]    0    3    3   19  113    0    3    3    0    5   13    2    1    5
 [337]    7    9    4    5    1    0    6    1   72    2    3    2    6    1
 [351]    0   13    3    0   14    2    3    3    2   15    2   16    3   42
 [365]    2    0   38    2    2   13   66   10    3  306    3   10    5  159
 [379]    6    0  491    3   45   22    2   41    9    1   20    4    1    8
 [393]    1   19 6922    4   50    1  875    0    1   13    0    5   11    0
 [407]    6    1    1    0    1   22    3  101    5    1    8    3    0   15
 [421]    1    4   31   21    4    5    2    1    1    0    0   43    2   11
 [435]   13    6    1    7    8    5    7    1   79   12   66   28  562    8
 [449]   88    5    3   10    3    9    3    3   16    1   19   12    9    5
 [463]    5    1    1    2  448    6    2 1263    0   36    2    0   10    4
 [477] 4297    0    0    3    3    4   30    2    1    0    1   26    1    1
 [491]   18    7    1    1   96    1    3    4    1    2   60    1  215    1
 [505]    0    3    1  213    5    0    9   24   11   12    0    3    3    2
 [519]    8   11   16    1    4    5    2    0    7    3   31  338    0   49
 [533]    5   55   11    2    5    5    8   25    1    2    1    1   90   10
 [547]    0   30   49    4   16    6   27    0    1   10    2   22   19    8
 [561]    5    2    1    2    1    9    2    2    2  126    1   42   11    2
 [575]    4    1    4   16    1    8    3    5    3    6    2    5   70    3
 [589]   19  652    2    3   16    3    7  117   13    4    1    1    1    3
 [603]    3    7   40    6    0    1    3    2   34    6    1    2   32   72
 [617]    3    4    7  111   42    5   21    5    1   14    2    6   42    1
 [631]    1    5    2    0    1   37    1   24    2    1   11    4    4    0
 [645]   21   12    2    0    7 6506    4   20    0    7    0   25    6    7
 [659]  408    7  215    5    2    5    2    3   51    2   13   10   12   58
 [673]    1    2 7830    4    2 2285    1    2    6  156    2   17    1   69
 [687]  301    1    1  452   80    3    0   17    0    3    2    7    5   46
 [701]   29 3316    8    8    5  214   13    9    1    1    1    4    6  286
 [715]  238   38    9    7    0   66   15    7   10    1   70    2    3    7
 [729]    2    0   13  343    3    3    0    2    0    1    3  282    1   22
 [743]   12    5    3    5    3  258  809   39   11   95    5    3    3    8
 [757]    3    3    3    1    2    4   58    4   10    3   57    2    6  301
 [771]    3    7    7    5    2    6   13    0    1   14  134    1  143   58
 [785]    1    1    5    4  121   76    1   12   71    2   47    2    0    1
 [799]    2    3    6    0    2    5    5   10 3079    5    7    0   22    1
 [813]    2  153    0    6    3   67   10   28    5   38    7    1   36   18
 [827]    0    3    6    4   12    4   20   55    1    2    2    5    1    4
 [841]    0   26    1    2    5    6    8    4    2    8   20   19    3    2
 [855]    2    0    1    3   30    5    2    8    4    4   23    3    7    1
 [869]    7    2   41   19   21    3    6    2    1 1325    6    1   14    0
 [883]    4   10    9    3    7  136   10   15    1    7    1    1    4    4
 [897]    7    8    6    5   22    2    1    4   41    9    2    1   82    0
 [911]  228    5    4   10    2    9    2    2    1   15   15    4    2    2
 [925]   26    1    4   11  950    1   39   11    5    2    1    2    1    4
 [939]    1    0    4    0   10    9   17    4    2    2    0    5    0    5
 [953]   27    9    3   21    3  177   11    1    2    3    8    4  265   18
 [967]   15  910    4    2    4  123    2    4   32   24    0  109    2   15
 [981]    0    0    1    1    1    2    2    3    3 2863    0    2    2    3
 [995]    2    0    7    1    1   15

$accuracy
   [1] 0.096 0.135 0.289 0.032 0.319 0.101 0.025 0.113 0.398 0.315 0.334 0.160
  [13] 0.037 0.113 0.024 0.051 0.053 0.070 0.216 0.038 0.144 0.202 0.002 0.333
  [25] 0.021 0.154 0.156 0.127 0.348 0.043 0.167 0.183 0.102 0.145 0.152 0.076
  [37] 0.088 0.042 0.237 0.082 0.114 0.198 0.083 0.117 0.126 0.112 0.083 0.130
  [49] 0.099 0.143 0.300 0.121 0.096 0.028 0.099 0.100 0.063 0.048 0.133 0.093
  [61] 0.169 0.074 0.383 0.026 0.056 0.025 0.056 0.408 0.267 0.168 0.057 0.285
  [73] 0.110 0.031 0.109 0.194 0.297 0.160 0.077 0.051 0.171 0.048 0.144 0.043
  [85] 0.170 0.073 0.054 0.180 0.111 0.026 0.163 0.164 0.046 0.263 0.102 0.191
  [97] 0.109 0.185 0.449 0.055 0.067 0.075 0.056 0.254 0.056 0.125 0.038 0.122
 [109] 0.023 0.057 0.327 0.110 0.337 0.255 0.076 0.059 0.280 0.104 0.074 0.075
 [121] 0.102 0.139 0.132 0.066 0.230 0.169 0.060 0.078 0.131 0.173 0.110 0.191
 [133] 0.153 0.127 0.151 0.050 0.115 0.100 0.110 0.115 0.118 0.118 0.352 0.335
 [145] 0.138 0.121 0.063 0.023 0.131 0.087 0.082 0.068 0.067 0.090 0.150 0.197
 [157] 0.126 0.079 0.058 0.107 0.018 0.092 0.116 0.091 0.019 0.321 0.019 0.266
 [169] 0.048 0.185 0.105 0.029 0.115 0.149 0.145 0.068 0.053 0.190 0.030 0.149
 [181] 0.038 0.093 0.367 0.037 0.066 0.093 0.040 0.178 0.126 0.127 0.046 0.114
 [193] 0.003 0.070 0.244 0.196 0.075 0.037 0.080 0.055 0.205 0.134 0.040 0.059
 [205] 0.207 0.140 0.124 0.160 0.121 0.122 0.166 0.297 0.195 0.513 0.378 0.058
 [217] 0.088 0.071 0.106 0.097 0.105 0.213 0.054 0.167 0.034 0.157 0.104 0.064
 [229] 0.048 0.058 0.146 0.243 0.251 0.113 0.060 0.236 0.118 0.373 0.113 0.039
 [241] 0.096 0.124 0.313 0.047 0.032 0.147 0.020 0.064 0.027 0.064 0.033 0.099
 [253] 0.107 0.165 0.045 0.148 0.025 0.139 0.049 0.073 0.116 0.264 0.024 0.020
 [265] 0.257 0.134 0.037 0.174 0.091 0.092 0.139 0.157 0.137 0.052 0.149 0.077
 [277] 0.076 0.057 0.126 0.273 0.050 0.070 0.094 0.118 0.179 0.096 0.073 0.010
 [289] 0.028 0.139 0.085 0.043 0.169 0.036 0.081 0.101 0.055 0.161 0.218 0.323
 [301] 0.083 0.237 0.017 0.186 0.182 0.023 0.071 0.254 0.094 0.103 0.065 0.020
 [313] 0.334 0.158 0.024 0.058 0.076 0.056 0.074 0.214 0.074 0.396 0.110 0.191
 [325] 0.211 0.160 0.168 0.052 0.275 0.237 0.106 0.263 0.068 0.051 0.228 0.121
 [337] 0.170 0.111 0.297 0.091 0.058 0.106 0.055 0.041 0.037 0.106 0.083 0.103
 [349] 0.202 0.234 0.043 0.026 0.216 0.051 0.123 0.004 0.130 0.074 0.061 0.058
 [361] 0.514 0.126 0.071 0.323 0.036 0.336 0.019 0.101 0.168 0.142 0.191 0.052
 [373] 0.110 0.017 0.096 0.054 0.259 0.104 0.201 0.204 0.028 0.069 0.326 0.015
 [385] 0.050 0.115 0.105 0.137 0.006 0.275 0.215 0.365 0.106 0.047 0.052 0.110
 [397] 0.022 0.113 0.126 0.149 0.250 0.142 0.436 0.094 0.054 0.097 0.082 0.103
 [409] 0.062 0.102 0.104 0.060 0.146 0.143 0.080 0.151 0.034 0.026 0.061 0.161
 [421] 0.166 0.077 0.109 0.170 0.277 0.439 0.226 0.054 0.069 0.253 0.089 0.066
 [433] 0.037 0.045 0.183 0.052 0.377 0.039 0.263 0.226 0.033 0.133 0.090 0.023
 [445] 0.278 0.122 0.070 0.122 0.172 0.185 0.148 0.173 0.169 0.095 0.059 0.112
 [457] 0.155 0.154 0.317 0.057 0.024 0.157 0.198 0.291 0.256 0.286 0.281 0.181
 [469] 0.183 0.181 0.267 0.096 0.143 0.082 0.058 0.038 0.043 0.037 0.154 0.076
 [481] 0.074 0.050 0.492 0.046 0.096 0.150 0.022 0.196 0.105 0.182 0.200 0.096
 [493] 0.161 0.127 0.019 0.179 0.355 0.020 0.475 0.141 0.305 0.082 0.115 0.067
 [505] 0.095 0.088 0.037 0.476 0.178 0.081 0.075 0.016 0.045 0.390 0.070 0.188
 [517] 0.162 0.070 0.031 0.344 0.017 0.154 0.033 0.103 0.141 0.049 0.038 0.099
 [529] 0.086 0.112 0.098 0.063 0.139 0.118 0.226 0.017 0.016 0.099 0.334 0.283
 [541] 0.083 0.025 0.289 0.253 0.108 0.102 0.075 0.024 0.068 0.163 0.408 0.161
 [553] 0.115 0.084 0.016 0.236 0.120 0.186 0.115 0.018 0.014 0.110 0.122 0.121
 [565] 0.038 0.200 0.107 0.080 0.342 0.080 0.098 0.047 0.125 0.041 0.079 0.206
 [577] 0.186 0.145 0.024 0.054 0.170 0.077 0.220 0.085 0.137 0.086 0.229 0.144
 [589] 0.277 0.200 0.039 0.087 0.082 0.165 0.114 0.196 0.104 0.015 0.049 0.137
 [601] 0.094 0.161 0.133 0.213 0.222 0.073 0.030 0.077 0.157 0.092 0.197 0.073
 [613] 0.093 0.107 0.021 0.300 0.069 0.174 0.273 0.060 0.060 0.158 0.155 0.211
 [625] 0.057 0.180 0.233 0.166 0.111 0.130 0.030 0.252 0.097 0.162 0.140 0.006
 [637] 0.052 0.177 0.067 0.047 0.031 0.306 0.086 0.242 0.148 0.026 0.210 0.250
 [649] 0.186 0.073 0.032 0.011 0.241 0.208 0.160 0.101 0.089 0.397 0.065 0.047
 [661] 0.274 0.100 0.055 0.030 0.123 0.087 0.094 0.183 0.056 0.162 0.048 0.219
 [673] 0.084 0.237 0.139 0.092 0.016 0.198 0.271 0.135 0.063 0.108 0.128 0.195
 [685] 0.059 0.288 0.157 0.033 0.029 0.066 0.125 0.157 0.064 0.096 0.100 0.099
 [697] 0.272 0.145 0.003 0.056 0.049 0.072 0.138 0.206 0.013 0.119 0.130 0.144
 [709] 0.312 0.062 0.116 0.199 0.231 0.275 0.023 0.185 0.021 0.277 0.033 0.200
 [721] 0.221 0.099 0.103 0.339 0.037 0.179 0.199 0.234 0.306 0.254 0.201 0.243
 [733] 0.111 0.091 0.022 0.100 0.110 0.055 0.142 0.377 0.102 0.033 0.051 0.501
 [745] 0.237 0.184 0.225 0.113 0.162 0.127 0.112 0.324 0.228 0.040 0.225 0.121
 [757] 0.317 0.036 0.088 0.234 0.045 0.123 0.278 0.103 0.189 0.102 0.135 0.039
 [769] 0.169 0.125 0.186 0.093 0.222 0.059 0.083 0.021 0.220 0.153 0.304 0.011
 [781] 0.402 0.170 0.229 0.282 0.134 0.105 0.146 0.125 0.144 0.096 0.037 0.053
 [793] 0.178 0.116 0.141 0.076 0.354 0.080 0.019 0.063 0.057 0.077 0.071 0.109
 [805] 0.065 0.120 0.055 0.069 0.044 0.116 0.158 0.116 0.048 0.072 0.155 0.261
 [817] 0.202 0.152 0.048 0.087 0.145 0.276 0.084 0.239 0.132 0.052 0.104 0.274
 [829] 0.106 0.042 0.058 0.259 0.043 0.166 0.063 0.143 0.171 0.030 0.056 0.020
 [841] 0.137 0.115 0.102 0.200 0.129 0.208 0.100 0.062 0.012 0.173 0.004 0.025
 [853] 0.102 0.203 0.084 0.092 0.006 0.169 0.026 0.526 0.048 0.080 0.070 0.143
 [865] 0.163 0.177 0.025 0.134 0.048 0.048 0.292 0.100 0.373 0.085 0.135 0.016
 [877] 0.060 0.243 0.037 0.168 0.018 0.053 0.328 0.046 0.061 0.106 0.010 0.103
 [889] 0.143 0.029 0.091 0.106 0.246 0.194 0.127 0.220 0.058 0.117 0.028 0.022
 [901] 0.159 0.326 0.015 0.139 0.365 0.159 0.026 0.010 0.144 0.128 0.171 0.051
 [913] 0.172 0.309 0.099 0.107 0.039 0.030 0.042 0.062 0.284 0.060 0.025 0.189
 [925] 0.071 0.038 0.185 0.196 0.246 0.112 0.140 0.136 0.015 0.062 0.014 0.098
 [937] 0.325 0.061 0.269 0.298 0.063 0.021 0.164 0.042 0.274 0.120 0.041 0.144
 [949] 0.094 0.281 0.183 0.102 0.202 0.179 0.194 0.170 0.045 0.301 0.171 0.152
 [961] 0.035 0.043 0.238 0.087 0.086 0.133 0.005 0.261 0.102 0.114 0.177 0.164
 [973] 0.243 0.147 0.032 0.054 0.080 0.216 0.103 0.174 0.008 0.044 0.068 0.028
 [985] 0.121 0.205 0.144 0.081 0.032 0.136 0.067 0.150 0.145 0.091 0.073 0.039
 [997] 0.056 0.087 0.110 0.119


 
 > ex9(100, 1000)
[1] "results: "
   Min. 1st Qu.  Median    Mean 3rd Qu.    Max. 
    0.0    16.0    48.0   409.0   212.2  9996.0 
[1] "accuracy: "
   Min. 1st Qu.  Median    Mean 3rd Qu.    Max. 
0.00000 0.00700 0.01300 0.01566 0.02200 0.07900 
[1] "total/failed/rate"
[1] 1000.000 1753.000    1.753
$failed
[1] 1753

$誰terations
   [1]  167   72  159  228   23   37   62  699   88 2132    1   98   24   89
  [15]   28    5  324    4   56    8 1230  305 2430   30   17   26    4  154
  [29]   98    6  406   35    8  117   19  669    9 4299   37   67   28    2
  [43]   15 2554   20   11   12   43    4   16 1406 1364 2868  294   28   59
  [57]   64   62   50   40  493  515  121  186   23   41   14   39    6 1802
  [71]   33   81   27   17  159  161 3335  119   37    2   21   35  810   28
  [85]   12  511   66   33   46   19   53  182   80   15    4 1191 7148  442
  [99]   42   15    8 5453  276  652   49 5411   14    9   36   21  247   17
 [113]  155   94  102  550  110 7631  161    8    5   45  125   19 2195  920
 [127]   10    0  842   28   52  437    5   79   12   10   45  112  146   35
 [141]   15   64   19   97   13  126 1013   14    5   67   83   15   50 2430
 [155]   12   88   13   24   81   41   29    4   50  851   94 3527   14  648
 [169]   29   13  403   27   44   16   36   21   16  677   10   22  231   42
 [183]   82 1362   52 4650  298  245   51   10 1039  255  717   33   21   17
 [197]   64 5700 2259   12   51   97    5    3   19  242   18   19   66   60
 [211]    4  147  104   51  316  280    4    6    8   88   37    6   21 1063
 [225]   11    7   54   20   10   20    5   60  396   14  233    2    8 1674
 [239]  106   85  212    1  202  979   10   10   93 1064    9    6   98   43
 [253]  464  144  104  566   24   45   41   24   14   52   66    3  491 1239
 [267]   30    4   41   41  609  620    6   13  174   53   10   32   11  503
 [281]   13  232    8  391   69  376  292 1640   42   29   44   10   50  236
 [295]   14   67   88    7  127   24   64    9   92 4344   93   19   32   64
 [309]    8 4319  633    4    6  248  159   51   41   10  232  169   86  171
 [323]  221    8   16  152 8816    3  328  122 2187   10   10  674   17  450
 [337]   16   40   52   75   32   53   11   17   20  313  146    5   12  254
 [351]  103  418   19   20   46 2042  283  127    4  496  275 7697   88  632
 [365]   13   14  140   19  137  244   20   99  213   11   17  826    3   14
 [379]  151   18    7   28  906   14   16   27   10  177   31  124  107   42
 [393]   33    8   22    9  665   24 1829   47  237    9  102    1   56   31
 [407]  124 2042    2  364   52   29 8076   18  514    1 1697  882 1502   13
 [421]   14 2447   14    5 3343   53  149    3 2460   10    6  135    8 3577
 [435]    5    4    8 4422   38   30 2790   16   47  468   48  484   44   69
 [449]  261 1695  114  192   48   39   24  500   57  105   22  101  295   33
 [463]    7 7910   23   98   11  114   12   65   15   39 2413   28 1004    1
 [477]   98   44  271   25   14   86 7341   28  190 3622   11   38   76   33
 [491]   11   11  414   20    4    6    9    5   42   62    3   68   24   13
 [505]  613  533  312   14   25   11   28  182   27  444   23  138  190  155
 [519]    3   27   83   18  155   44   32  109    9  633   20  421   15   19
 [533]   48  121   11    8   11  100    9   32   38   19  136  229   23  327
 [547]    8   21   94  697  228    9 4796   57   17    8   20 1622  546  241
 [561]  131   79  342   13   32   27   37    9  350   22  189   34   43  757
 [575]   26   27   11   19    8   21  140  766   32  187  332   73 2502  126
 [589]   30   38   93   47   11  158    3   15  203  147   28   21  354   24
 [603]   11   67   43   19  765   55   55  132    5   17  424  190   41   17
 [617]   14  918   53 1124 1529  559   10   33   10   17   13   25  619   25
 [631]  450    0  959   27   80   18    6   58    9   23 4643   40   13   74
 [645]   35  298   15    5  811  143  121  445   26   36   59   19   35    2
 [659] 1357   50  175   40  768  136  871    8    7  241   19  227   24  144
 [673] 2248   10    1   83 3323  163   39   14   26    3  422  445  153  792
 [687]   17   53  452  116   83   92   18  458  837   10   76  652    4   16
 [701]   25   19   33   33  291 1190 3124   86    2  611  221 5033  643  257
 [715]  115    7  146    5   57   24  140 2596    8   14   13   11   25   11
 [729]   13 1947   60  231   28   37    9   12  113   25   29  688   39   13
 [743] 1057  159   56    7   38   25    9 3081 4146    2 1501   15 2644   12
 [757]   17  183  149   12    1   20  206   28 1557 2254   57   31  145   25
 [771] 7557   21   60 5013    8    7   26    6   33   24   58  520   92    4
 [785]  250  539    4   72 1280   46   50   13  511  274    5  420 1087    9
 [799]  239    5   23   30  928  646   71 1509    9   63  490  110    4   10
 [813]   52    9   17 1478   22 4408   64   51    3   18 4066   13    9   10
 [827]  820   56  343   45   58 3566  842   18   15  746   26  118 4051    9
 [841]   50   36   93   22    8   69   77  209  223   14   32  128  839    7
 [855]    7   18   11   61   80    4    6  436   70   57 6080   19    2   14
 [869]  189 1368   30  140   16   48   24  174    5   17  444  133  411  991
 [883]  766   10   11  172  947 4061   16 4958  733   34    7    4   14   28
 [897]    7  164  107  204   48  217   62   10   16  288  118   12   86   91
 [911]  104  247 3495    3  726    9 1765   78   91   24    5   10 4627   30
 [925]   53   33   23  110  195  229  217    8   76 9996   27   40   18    7
 [939]   17   31  146  424   30   32  127    8   40    6   16   16   11   17
 [953]  173  112   25  154   33  169    7   20  302  565   13  140  105   11
 [967]   53   40    8 1086   28   10    3   72 1223  320   84  371  114   36
 [981]   13    5   90   12   94   31  255   32 3936  107   10   69  116   43
 [995]   19   10   10    9   10  170

$accuracy
   [1] 0.024 0.012 0.012 0.012 0.015 0.014 0.014 0.012 0.011 0.003 0.014 0.008
  [13] 0.039 0.016 0.011 0.037 0.028 0.032 0.004 0.018 0.003 0.035 0.010 0.029
  [25] 0.020 0.018 0.020 0.030 0.039 0.014 0.008 0.032 0.024 0.032 0.032 0.002
  [37] 0.022 0.011 0.006 0.003 0.016 0.018 0.016 0.004 0.015 0.007 0.019 0.029
  [49] 0.006 0.009 0.009 0.000 0.018 0.023 0.006 0.009 0.004 0.001 0.013 0.005
  [61] 0.027 0.018 0.003 0.007 0.005 0.014 0.036 0.002 0.009 0.009 0.022 0.004
  [73] 0.002 0.006 0.043 0.013 0.006 0.040 0.011 0.041 0.005 0.023 0.005 0.002
  [85] 0.010 0.000 0.012 0.011 0.005 0.003 0.003 0.034 0.010 0.016 0.017 0.026
  [97] 0.006 0.011 0.015 0.028 0.017 0.030 0.049 0.009 0.018 0.024 0.011 0.032
 [109] 0.000 0.008 0.004 0.003 0.012 0.025 0.004 0.012 0.013 0.001 0.013 0.012
 [121] 0.024 0.039 0.024 0.015 0.018 0.058 0.005 0.010 0.015 0.004 0.008 0.029
 [133] 0.003 0.002 0.035 0.019 0.002 0.020 0.000 0.003 0.002 0.002 0.015 0.005
 [145] 0.041 0.011 0.007 0.023 0.018 0.013 0.034 0.014 0.018 0.020 0.024 0.041
 [157] 0.049 0.010 0.004 0.027 0.037 0.037 0.003 0.023 0.005 0.005 0.022 0.021
 [169] 0.030 0.023 0.008 0.023 0.002 0.009 0.010 0.016 0.014 0.005 0.022 0.008
 [181] 0.002 0.001 0.005 0.009 0.004 0.002 0.046 0.038 0.004 0.038 0.017 0.014
 [193] 0.006 0.010 0.005 0.022 0.024 0.003 0.021 0.002 0.027 0.021 0.004 0.007
 [205] 0.013 0.028 0.005 0.033 0.022 0.014 0.014 0.008 0.005 0.045 0.017 0.023
 [217] 0.008 0.009 0.033 0.005 0.005 0.011 0.011 0.014 0.007 0.051 0.009 0.006
 [229] 0.021 0.017 0.010 0.012 0.017 0.018 0.009 0.009 0.037 0.043 0.053 0.026
 [241] 0.015 0.009 0.010 0.035 0.039 0.046 0.001 0.009 0.001 0.017 0.004 0.009
 [253] 0.007 0.010 0.005 0.014 0.017 0.015 0.032 0.005 0.014 0.010 0.005 0.016
 [265] 0.001 0.006 0.027 0.008 0.016 0.010 0.024 0.031 0.019 0.008 0.015 0.003
 [277] 0.015 0.050 0.018 0.008 0.015 0.010 0.034 0.014 0.007 0.014 0.030 0.003
 [289] 0.009 0.032 0.004 0.001 0.005 0.006 0.002 0.004 0.012 0.019 0.032 0.007
 [301] 0.003 0.026 0.015 0.005 0.001 0.024 0.016 0.028 0.010 0.008 0.030 0.003
 [313] 0.001 0.010 0.003 0.035 0.016 0.008 0.001 0.017 0.009 0.019 0.032 0.037
 [325] 0.013 0.011 0.015 0.002 0.033 0.011 0.014 0.025 0.036 0.021 0.010 0.026
 [337] 0.022 0.007 0.052 0.013 0.020 0.017 0.009 0.024 0.004 0.013 0.024 0.041
 [349] 0.008 0.007 0.041 0.016 0.077 0.002 0.009 0.003 0.010 0.009 0.018 0.033
 [361] 0.008 0.024 0.015 0.011 0.017 0.009 0.023 0.021 0.003 0.009 0.026 0.005
 [373] 0.056 0.010 0.015 0.003 0.010 0.015 0.029 0.008 0.053 0.000 0.029 0.007
 [385] 0.009 0.010 0.009 0.005 0.008 0.019 0.022 0.007 0.012 0.016 0.023 0.020
 [397] 0.016 0.036 0.023 0.014 0.016 0.014 0.024 0.032 0.005 0.009 0.011 0.010
 [409] 0.031 0.037 0.006 0.008 0.007 0.008 0.004 0.012 0.025 0.017 0.007 0.008
 [421] 0.003 0.000 0.006 0.003 0.003 0.005 0.017 0.035 0.008 0.018 0.014 0.039
 [433] 0.022 0.006 0.022 0.010 0.006 0.005 0.029 0.001 0.006 0.033 0.021 0.005
 [445] 0.003 0.010 0.037 0.000 0.018 0.037 0.003 0.003 0.032 0.007 0.027 0.001
 [457] 0.023 0.004 0.010 0.013 0.012 0.015 0.015 0.017 0.035 0.012 0.006 0.007
 [469] 0.005 0.007 0.006 0.011 0.021 0.007 0.015 0.006 0.008 0.051 0.000 0.012
 [481] 0.032 0.000 0.006 0.007 0.012 0.028 0.025 0.034 0.002 0.013 0.020 0.005
 [493] 0.006 0.016 0.009 0.040 0.002 0.034 0.012 0.011 0.044 0.035 0.036 0.020
 [505] 0.015 0.007 0.009 0.008 0.003 0.018 0.013 0.023 0.022 0.002 0.024 0.020
 [517] 0.046 0.037 0.013 0.008 0.031 0.020 0.030 0.007 0.005 0.004 0.019 0.011
 [529] 0.037 0.017 0.009 0.011 0.022 0.010 0.030 0.012 0.008 0.003 0.016 0.009
 [541] 0.006 0.000 0.009 0.000 0.025 0.011 0.007 0.002 0.030 0.001 0.014 0.028
 [553] 0.006 0.005 0.004 0.004 0.002 0.006 0.008 0.006 0.012 0.004 0.012 0.019
 [565] 0.062 0.031 0.002 0.012 0.005 0.020 0.019 0.017 0.023 0.005 0.019 0.015
 [577] 0.028 0.015 0.010 0.012 0.053 0.005 0.009 0.023 0.013 0.034 0.009 0.009
 [589] 0.023 0.010 0.013 0.035 0.023 0.011 0.006 0.008 0.025 0.007 0.040 0.008
 [601] 0.007 0.020 0.035 0.008 0.003 0.000 0.013 0.008 0.006 0.024 0.007 0.014
 [613] 0.007 0.011 0.013 0.011 0.021 0.009 0.008 0.027 0.007 0.014 0.025 0.016
 [625] 0.023 0.009 0.013 0.000 0.021 0.079 0.005 0.007 0.009 0.009 0.002 0.022
 [637] 0.017 0.026 0.014 0.004 0.004 0.027 0.008 0.008 0.028 0.004 0.021 0.005
 [649] 0.013 0.047 0.018 0.047 0.020 0.001 0.011 0.005 0.010 0.012 0.012 0.003
 [661] 0.006 0.005 0.009 0.007 0.002 0.019 0.033 0.018 0.009 0.007 0.003 0.009
 [673] 0.004 0.010 0.015 0.013 0.021 0.015 0.008 0.024 0.020 0.026 0.012 0.007
 [685] 0.003 0.013 0.019 0.002 0.013 0.015 0.001 0.004 0.010 0.005 0.022 0.014
 [697] 0.005 0.020 0.046 0.012 0.009 0.014 0.004 0.014 0.013 0.000 0.033 0.006
 [709] 0.039 0.008 0.031 0.044 0.032 0.001 0.000 0.036 0.009 0.001 0.001 0.004
 [721] 0.002 0.020 0.032 0.039 0.019 0.017 0.038 0.034 0.017 0.019 0.043 0.011
 [733] 0.007 0.006 0.014 0.009 0.009 0.004 0.011 0.038 0.016 0.025 0.006 0.011
 [745] 0.005 0.030 0.013 0.027 0.016 0.016 0.003 0.026 0.019 0.010 0.028 0.004
 [757] 0.016 0.016 0.007 0.009 0.001 0.008 0.004 0.001 0.007 0.024 0.025 0.007
 [769] 0.020 0.015 0.005 0.001 0.014 0.015 0.022 0.004 0.007 0.014 0.008 0.004
 [781] 0.021 0.006 0.021 0.034 0.012 0.011 0.022 0.017 0.006 0.025 0.010 0.020
 [793] 0.013 0.014 0.016 0.002 0.012 0.015 0.005 0.041 0.007 0.026 0.023 0.014
 [805] 0.002 0.006 0.007 0.021 0.010 0.021 0.020 0.003 0.010 0.001 0.020 0.003
 [817] 0.028 0.001 0.002 0.028 0.051 0.046 0.017 0.016 0.030 0.018 0.025 0.051
 [829] 0.030 0.015 0.007 0.004 0.026 0.008 0.026 0.028 0.027 0.018 0.010 0.017
 [841] 0.019 0.002 0.008 0.009 0.016 0.010 0.011 0.001 0.017 0.019 0.030 0.011
 [853] 0.022 0.008 0.010 0.039 0.006 0.019 0.018 0.016 0.022 0.007 0.024 0.010
 [865] 0.033 0.004 0.018 0.015 0.041 0.000 0.014 0.011 0.010 0.026 0.006 0.019
 [877] 0.025 0.009 0.042 0.033 0.006 0.007 0.010 0.021 0.013 0.013 0.006 0.016
 [889] 0.005 0.003 0.020 0.063 0.000 0.002 0.020 0.011 0.011 0.005 0.003 0.019
 [901] 0.005 0.019 0.019 0.015 0.012 0.032 0.028 0.019 0.035 0.016 0.001 0.007
 [913] 0.022 0.040 0.017 0.007 0.009 0.014 0.010 0.014 0.030 0.042 0.042 0.004
 [925] 0.008 0.005 0.003 0.007 0.026 0.025 0.012 0.006 0.018 0.009 0.021 0.053
 [937] 0.015 0.015 0.016 0.010 0.024 0.002 0.010 0.020 0.015 0.016 0.044 0.012
 [949] 0.008 0.031 0.037 0.009 0.011 0.025 0.011 0.010 0.020 0.018 0.009 0.026
 [961] 0.024 0.003 0.003 0.015 0.016 0.005 0.006 0.007 0.024 0.012 0.029 0.011
 [973] 0.030 0.025 0.001 0.010 0.025 0.026 0.023 0.004 0.006 0.022 0.022 0.002
 [985] 0.009 0.004 0.010 0.051 0.010 0.007 0.012 0.014 0.002 0.013 0.018 0.020
 [997] 0.053 0.020 0.006 0.023

> 
 
 randomized --> much higher failure rate!!!!
 
 > ex9 <- ex9(10, 1000)
[1] "results: "
   Min. 1st Qu.  Median    Mean 3rd Qu.    Max. 
   0.00    2.00    3.00   10.59    8.00  397.00 
[1] "accuracy: "
   Min. 1st Qu.  Median    Mean 3rd Qu.    Max. 
 0.0000  0.0580  0.1080  0.1278  0.1772  0.6050 
[1] "total/failed/rate"
[1] 1000.000  585.000    0.585
> 